0 0.282715 0.116211 0.030273 0.095703
0 0.219238 0.084473 0.055664 0.108398
0 0.169922 0.039551 0.074219 0.075195
0 0.152344 0.250488 0.113281 0.086914
0 0.190918 0.335938 0.073242 0.062500
0 0.256836 0.380859 0.144531 0.056641
0 0.057129 0.368652 0.086914 0.102539
0 0.117188 0.358398 0.078125 0.078125
0 0.450195 0.385254 0.080078 0.081055
0 0.491699 0.449219 0.047852 0.083984
0 0.654785 0.307129 0.083008 0.092773
0 0.724609 0.188477 0.062500 0.083984
0 0.665039 0.152344 0.072266 0.082031
0 0.789062 0.039551 0.060547 0.077148
0 0.816895 0.063965 0.049805 0.098633
0 0.886230 0.224609 0.083008 0.056641
0 0.967285 0.056641 0.065430 0.056641
0 0.708496 0.556641 0.084961 0.089844
0 0.870605 0.482910 0.051758 0.114258
0 0.838379 0.513184 0.036133 0.096680
0 0.885254 0.620605 0.092773 0.084961
0 0.885254 0.766602 0.061523 0.119141
0 0.534668 0.800293 0.090820 0.067383
0 0.338867 0.625977 0.109375 0.058594
0 0.297852 0.477539 0.074219 0.091797
0 0.177246 0.523438 0.106445 0.058594
0 0.067383 0.621582 0.058594 0.063477
0 0.146484 0.677246 0.058594 0.063477
0 0.092285 0.713867 0.045898 0.066406
0 0.033203 0.736816 0.046875 0.063477
0 0.013184 0.748047 0.024414 0.052734
0 0.155762 0.835449 0.112305 0.073242
0 0.152344 0.843262 0.091797 0.047852
0 0.321777 0.744629 0.094727 0.040039
0 0.396973 0.781738 0.057617 0.083008
0 0.249512 0.955078 0.065430 0.082031
0 0.221191 0.833984 0.063477 0.064453
0 0.595215 0.878906 0.063477 0.087891
0 0.588379 0.966309 0.112305 0.032227
0 0.760742 0.974121 0.052734 0.051758
0 0.781250 0.950684 0.035156 0.034180
0 0.315430 0.312012 0.103516 0.055664
0 0.018066 0.621582 0.034180 0.067383
0 0.958008 0.403320 0.083984 0.056641
