0 0.091797 0.007324 0.019531 0.012695
0 0.562500 0.010254 0.107422 0.018555
0 0.261230 0.039551 0.077148 0.077148
0 0.448730 0.027344 0.104492 0.052734
0 0.812988 0.033691 0.153320 0.043945
0 0.702637 0.030762 0.084961 0.018555
0 0.024414 0.035156 0.039062 0.068359
0 0.130859 0.057617 0.041016 0.037109
0 0.109863 0.064453 0.081055 0.033203
0 0.055664 0.084961 0.023438 0.062500
0 0.966309 0.088379 0.065430 0.053711
0 0.395020 0.084961 0.098633 0.046875
0 0.608887 0.081543 0.118164 0.030273
0 0.364746 0.073242 0.047852 0.009766
0 0.436035 0.081543 0.057617 0.020508
0 0.362305 0.105469 0.091797 0.058594
0 0.525879 0.101562 0.041992 0.048828
0 0.183105 0.097656 0.055664 0.033203
0 0.984863 0.126465 0.028320 0.073242
0 0.470703 0.117188 0.085938 0.021484
0 0.158691 0.162598 0.069336 0.094727
0 0.562012 0.131348 0.077148 0.016602
0 0.725586 0.144043 0.107422 0.040039
0 0.367188 0.155762 0.093750 0.057617
0 0.835449 0.156738 0.149414 0.045898
0 0.434082 0.170410 0.100586 0.063477
0 0.025879 0.204102 0.049805 0.078125
0 0.567383 0.192871 0.070312 0.020508
0 0.504395 0.191895 0.043945 0.008789
0 0.566895 0.227051 0.075195 0.069336
0 0.696289 0.228516 0.076172 0.033203
0 0.238770 0.253906 0.073242 0.076172
0 0.055664 0.273926 0.050781 0.061523
0 0.457031 0.317383 0.156250 0.142578
0 0.943848 0.283203 0.071289 0.060547
0 0.055664 0.316895 0.097656 0.069336
0 0.665039 0.297852 0.068359 0.021484
0 0.137207 0.321777 0.067383 0.051758
0 0.853027 0.324219 0.081055 0.039062
0 0.765625 0.313965 0.095703 0.018555
0 0.958496 0.367188 0.081055 0.052734
0 0.600098 0.388184 0.104492 0.045898
0 0.187012 0.397949 0.086914 0.051758
0 0.065430 0.369141 0.035156 0.066406
0 0.111816 0.428223 0.063477 0.094727
0 0.821289 0.428223 0.115234 0.016602
0 0.665527 0.454102 0.106445 0.042969
0 0.231445 0.454102 0.080078 0.041016
0 0.558105 0.475586 0.110352 0.046875
0 0.963379 0.499023 0.071289 0.080078
0 0.361328 0.481934 0.093750 0.043945
0 0.070312 0.502930 0.093750 0.082031
0 0.997070 0.491211 0.003906 0.013672
0 0.700195 0.493164 0.085938 0.013672
0 0.535645 0.517090 0.120117 0.036133
0 0.839844 0.518066 0.117188 0.020508
0 0.129395 0.530273 0.030273 0.037109
0 0.260254 0.547852 0.086914 0.058594
0 0.162109 0.564453 0.087891 0.054688
0 0.032715 0.558594 0.063477 0.037109
0 0.814453 0.571289 0.113281 0.033203
0 0.903809 0.584961 0.077148 0.046875
0 0.379883 0.600098 0.117188 0.030273
0 0.040527 0.620117 0.069336 0.068359
0 0.292480 0.612305 0.102539 0.019531
0 0.459961 0.623047 0.052734 0.035156
0 0.640137 0.614258 0.028320 0.011719
0 0.527344 0.623047 0.105469 0.017578
0 0.142578 0.644043 0.031250 0.043945
0 0.319824 0.666992 0.104492 0.054688
0 0.258301 0.674316 0.083008 0.067383
0 0.508789 0.655273 0.072266 0.027344
0 0.628418 0.673340 0.110352 0.045898
0 0.968750 0.681641 0.060547 0.025391
0 0.434570 0.709473 0.080078 0.018555
0 0.172363 0.733887 0.057617 0.059570
0 0.981934 0.715820 0.034180 0.009766
0 0.356445 0.742676 0.109375 0.053711
0 0.956543 0.754883 0.084961 0.046875
0 0.502930 0.756836 0.103516 0.035156
0 0.852539 0.758301 0.101562 0.018555
0 0.680664 0.757324 0.087891 0.014648
0 0.599121 0.774902 0.084961 0.024414
0 0.109863 0.816406 0.086914 0.076172
0 0.522461 0.805176 0.099609 0.049805
0 0.927734 0.798828 0.091797 0.015625
0 0.834473 0.826660 0.108398 0.047852
0 0.599609 0.821289 0.082031 0.037109
0 0.434570 0.826660 0.099609 0.045898
0 0.215820 0.839844 0.083984 0.072266
0 0.039062 0.876465 0.076172 0.071289
0 0.290039 0.885254 0.060547 0.034180
0 0.930176 0.883789 0.102539 0.017578
0 0.680664 0.902832 0.119141 0.045898
0 0.457520 0.894043 0.081055 0.026367
0 0.800781 0.902832 0.078125 0.026367
0 0.385742 0.929688 0.087891 0.048828
0 0.873535 0.962891 0.155273 0.072266
0 0.722656 0.968750 0.097656 0.052734
0 0.570312 0.959473 0.074219 0.032227
0 0.468262 0.975586 0.147461 0.046875
0 0.279297 0.985352 0.087891 0.027344
0 0.204590 0.398926 0.079102 0.022461
0 0.075684 0.635742 0.086914 0.083984
0 0.227051 0.840332 0.073242 0.040039
0 0.488281 0.974609 0.097656 0.050781
0 0.850586 0.735840 0.105469 0.040039
0 0.457520 0.295898 0.168945 0.064453
0 0.627441 0.241211 0.051758 0.025391
