0 0.139160 0.020020 0.122070 0.038086
0 0.400879 0.037598 0.096680 0.053711
0 0.662598 0.024902 0.075195 0.014648
0 0.022461 0.032227 0.042969 0.021484
0 0.644043 0.052734 0.104492 0.029297
0 0.985840 0.056641 0.026367 0.035156
0 0.410156 0.084961 0.070312 0.083984
0 0.298828 0.065430 0.097656 0.039062
0 0.030762 0.070801 0.057617 0.045898
0 0.183594 0.109375 0.123047 0.029297
0 0.016602 0.121094 0.031250 0.025391
0 0.947266 0.143066 0.103516 0.030273
0 0.010742 0.175293 0.019531 0.018555
0 0.149414 0.184082 0.076172 0.030273
0 0.244629 0.210938 0.086914 0.072266
0 0.090332 0.214355 0.032227 0.041992
0 0.410156 0.191406 0.103516 0.050781
0 0.184570 0.230469 0.062500 0.060547
0 0.234375 0.230957 0.056641 0.034180
0 0.071289 0.250977 0.074219 0.015625
0 0.303223 0.263672 0.125977 0.029297
0 0.802246 0.274902 0.100586 0.047852
0 0.017578 0.299805 0.033203 0.050781
0 0.032715 0.322754 0.063477 0.040039
0 0.955078 0.341309 0.087891 0.045898
0 0.246094 0.348145 0.150391 0.047852
0 0.203125 0.362793 0.042969 0.018555
0 0.113281 0.370605 0.105469 0.024414
0 0.275391 0.432129 0.142578 0.120117
0 0.201172 0.411621 0.101562 0.053711
0 0.957520 0.424805 0.079102 0.039062
0 0.809570 0.451172 0.085938 0.074219
0 0.187500 0.465332 0.123047 0.034180
0 0.932129 0.466309 0.110352 0.036133
0 0.083008 0.486328 0.109375 0.015625
0 0.021973 0.510254 0.041992 0.012695
0 0.914551 0.530762 0.100586 0.047852
0 0.043945 0.544434 0.074219 0.067383
0 0.689941 0.526855 0.053711 0.028320
0 0.273926 0.533691 0.096680 0.038086
0 0.143066 0.578613 0.104492 0.073242
0 0.928223 0.567383 0.104492 0.035156
0 0.853027 0.587402 0.083008 0.028320
0 0.067383 0.607910 0.052734 0.057617
0 0.663086 0.596191 0.095703 0.022461
0 0.791016 0.635742 0.074219 0.035156
0 0.026367 0.646973 0.050781 0.018555
0 0.753418 0.685547 0.081055 0.035156
0 0.586914 0.709473 0.111328 0.026367
0 0.971680 0.718262 0.054688 0.020508
0 0.015625 0.746582 0.029297 0.071289
0 0.890137 0.738770 0.116211 0.014648
0 0.038086 0.763672 0.070312 0.031250
0 0.548828 0.792969 0.138672 0.064453
0 0.032715 0.802246 0.063477 0.055664
0 0.696777 0.795410 0.100586 0.026367
0 0.957031 0.838867 0.083984 0.025391
0 0.734375 0.859375 0.132812 0.029297
0 0.742676 0.912598 0.124023 0.018555
0 0.354004 0.952148 0.125977 0.042969
0 0.839355 0.946289 0.079102 0.023438
0 0.955078 0.958008 0.087891 0.042969
0 0.566406 0.967773 0.123047 0.035156
0 0.614746 0.989258 0.102539 0.019531
0 0.481934 0.028809 0.049805 0.055664
0 0.576172 0.047363 0.099609 0.036133
0 0.621094 0.155762 0.119141 0.047852
0 0.715820 0.264648 0.117188 0.035156
0 0.449219 0.255859 0.117188 0.023438
0 0.570801 0.341309 0.116211 0.028320
0 0.503418 0.349609 0.104492 0.029297
0 0.408203 0.361328 0.113281 0.037109
0 0.319824 0.350586 0.096680 0.042969
0 0.309082 0.426758 0.086914 0.027344
0 0.054199 0.384277 0.096680 0.069336
0 0.281250 0.590332 0.123047 0.041992
0 0.178223 0.689941 0.116211 0.055664
0 0.304199 0.728516 0.139648 0.052734
0 0.444824 0.641113 0.131836 0.043945
0 0.558105 0.541016 0.125977 0.046875
0 0.554688 0.483398 0.105469 0.070312
0 0.646973 0.410645 0.141602 0.040039
0 0.656250 0.506348 0.060547 0.040039
0 0.569336 0.663086 0.117188 0.033203
0 0.564453 0.697266 0.109375 0.048828
0 0.411621 0.807129 0.100586 0.100586
0 0.333008 0.798340 0.126953 0.038086
0 0.241699 0.830566 0.110352 0.030273
0 0.087402 0.903320 0.098633 0.054688
0 0.228516 0.933594 0.126953 0.044922
0 0.215820 0.971191 0.105469 0.026367
0 0.457520 0.880859 0.098633 0.064453
