0 0.963867 0.957031 0.068359 0.066406
0 0.425293 0.940918 0.057617 0.051758
0 0.760254 0.900391 0.018555 0.113281
0 0.301758 0.905762 0.023438 0.086914
0 0.396484 0.925293 0.013672 0.014648
0 0.248535 0.904297 0.038086 0.054688
0 0.815918 0.871094 0.045898 0.089844
0 0.252441 0.863281 0.075195 0.025391
0 0.149902 0.799316 0.069336 0.014648
0 0.192871 0.786133 0.045898 0.017578
0 0.058594 0.667969 0.115234 0.019531
0 0.473633 0.624023 0.039062 0.050781
0 0.299316 0.603027 0.059570 0.038086
0 0.545410 0.516113 0.073242 0.081055
0 0.064941 0.546875 0.053711 0.060547
0 0.150879 0.526855 0.073242 0.026367
0 0.083984 0.505371 0.019531 0.010742
0 0.742676 0.433594 0.073242 0.078125
0 0.695801 0.373047 0.036133 0.060547
0 0.330078 0.335449 0.033203 0.086914
0 0.492188 0.258789 0.066406 0.068359
0 0.857422 0.199219 0.080078 0.056641
0 0.310547 0.194824 0.078125 0.065430
0 0.807129 0.038574 0.063477 0.075195
0 0.204590 0.237793 0.053711 0.081055
0 0.098633 0.201172 0.062500 0.013672
0 0.135742 0.094727 0.080078 0.113281
0 0.294434 0.053223 0.045898 0.086914
0 0.665527 0.028809 0.063477 0.055664
0 0.872070 0.071289 0.097656 0.048828
0 0.882812 0.371582 0.091797 0.053711
0 0.897461 0.344727 0.064453 0.082031
0 0.949219 0.316895 0.066406 0.061523
0 0.970703 0.323242 0.048828 0.056641
0 0.945312 0.450684 0.099609 0.041992
0 0.963867 0.442871 0.070312 0.047852
0 0.877930 0.513184 0.095703 0.057617
0 0.986816 0.499512 0.026367 0.036133
0 0.913574 0.705078 0.028320 0.101562
0 0.971191 0.738770 0.051758 0.090820
0 0.994141 0.819336 0.011719 0.027344
0 0.375488 0.921387 0.069336 0.075195
0 0.059570 0.987305 0.117188 0.025391
0 0.383789 0.761719 0.066406 0.089844
0 0.410645 0.781250 0.075195 0.076172
0 0.536621 0.665527 0.065430 0.073242
0 0.175293 0.822266 0.102539 0.029297
0 0.151367 0.391602 0.033203 0.111328
0 0.187988 0.375488 0.069336 0.063477
