0 0.152344 0.774902 0.101562 0.040039
0 0.026855 0.748535 0.051758 0.022461
0 0.267090 0.743652 0.077148 0.008789
0 0.432129 0.686035 0.030273 0.073242
0 0.080078 0.708008 0.115234 0.019531
0 0.023438 0.659180 0.033203 0.117188
0 0.622559 0.616211 0.030273 0.105469
0 0.219238 0.559570 0.086914 0.109375
0 0.462891 0.584961 0.113281 0.019531
0 0.160156 0.569824 0.074219 0.030273
0 0.075195 0.560547 0.054688 0.017578
0 0.303711 0.530273 0.087891 0.029297
0 0.678223 0.498047 0.022461 0.076172
0 0.061523 0.501953 0.121094 0.052734
0 0.556152 0.458008 0.106445 0.054688
0 0.760254 0.439941 0.045898 0.071289
0 0.322754 0.453613 0.108398 0.043945
0 0.010254 0.438477 0.018555 0.044922
0 0.166504 0.437500 0.083008 0.021484
0 0.037598 0.394043 0.067383 0.047852
0 0.294434 0.405273 0.040039 0.015625
0 0.669922 0.371582 0.031250 0.041992
0 0.620605 0.370117 0.084961 0.025391
0 0.916504 0.318848 0.028320 0.069336
0 0.187988 0.312988 0.073242 0.041992
0 0.294434 0.286133 0.081055 0.074219
0 0.188965 0.275879 0.088867 0.088867
0 0.176270 0.187012 0.022461 0.112305
0 0.461914 0.206543 0.103516 0.059570
0 0.032227 0.066895 0.054688 0.131836
0 0.182129 0.070801 0.036133 0.081055
0 0.356445 0.060547 0.070312 0.062500
0 0.284180 0.013672 0.025391 0.025391
0 0.218750 0.005371 0.019531 0.008789
0 0.241699 0.540039 0.071289 0.091797
0 0.431152 0.472656 0.081055 0.054688
0 0.369629 0.422852 0.071289 0.035156
