0 0.091797 0.035645 0.025391 0.069336
0 0.085449 0.028809 0.053711 0.055664
0 0.139648 0.054199 0.054688 0.065430
0 0.228516 0.014160 0.035156 0.026367
0 0.260742 0.019043 0.021484 0.034180
0 0.332520 0.093262 0.024414 0.100586
0 0.371094 0.075195 0.056641 0.070312
0 0.380859 0.051758 0.027344 0.025391
0 0.376465 0.066406 0.075195 0.042969
0 0.447754 0.098633 0.059570 0.087891
0 0.473145 0.104004 0.084961 0.047852
0 0.489746 0.020508 0.018555 0.039062
0 0.540527 0.064453 0.028320 0.060547
0 0.579102 0.077148 0.041016 0.105469
0 0.584961 0.109375 0.068359 0.048828
0 0.620117 0.020996 0.019531 0.040039
0 0.645020 0.119141 0.047852 0.027344
0 0.635742 0.069824 0.056641 0.026367
0 0.784180 0.062012 0.048828 0.026367
0 0.969238 0.078125 0.061523 0.042969
0 0.774902 0.139648 0.086914 0.050781
0 0.756836 0.176270 0.068359 0.057617
0 0.809570 0.224121 0.046875 0.092773
0 0.809570 0.203125 0.093750 0.062500
0 0.811035 0.202148 0.057617 0.031250
0 0.838379 0.224609 0.079102 0.042969
0 0.731445 0.241211 0.101562 0.031250
0 0.705566 0.198730 0.032227 0.071289
0 0.978027 0.235840 0.036133 0.086914
0 0.957031 0.278320 0.068359 0.056641
0 0.510254 0.161621 0.102539 0.024414
0 0.337891 0.162109 0.087891 0.017578
0 0.300781 0.148438 0.048828 0.072266
0 0.192871 0.180176 0.069336 0.081055
0 0.059570 0.127441 0.087891 0.077148
0 0.057129 0.145996 0.077148 0.065430
0 0.053223 0.170410 0.079102 0.012695
0 0.054688 0.191895 0.054688 0.043945
0 0.149414 0.270996 0.087891 0.040039
0 0.098145 0.317383 0.045898 0.083984
0 0.009766 0.201172 0.017578 0.023438
0 0.182129 0.326172 0.088867 0.029297
0 0.281738 0.282227 0.084961 0.052734
0 0.347656 0.291992 0.087891 0.039062
0 0.507324 0.247559 0.094727 0.022461
0 0.429688 0.260742 0.074219 0.074219
0 0.418945 0.214844 0.078125 0.027344
0 0.382812 0.200195 0.082031 0.021484
0 0.644043 0.279297 0.077148 0.019531
0 0.677734 0.299805 0.111328 0.033203
0 0.687012 0.328613 0.096680 0.036133
0 0.651855 0.355957 0.098633 0.032227
0 0.657227 0.311035 0.048828 0.084961
0 0.744629 0.353027 0.045898 0.040039
0 0.752930 0.351074 0.068359 0.038086
0 0.780762 0.358398 0.092773 0.044922
0 0.837891 0.360352 0.080078 0.062500
0 0.895996 0.325684 0.057617 0.063477
0 0.909668 0.340820 0.073242 0.058594
0 0.910645 0.402832 0.075195 0.075195
0 0.856934 0.403809 0.063477 0.059570
0 0.842285 0.424316 0.045898 0.036133
0 0.893555 0.456543 0.107422 0.100586
0 0.865723 0.491699 0.043945 0.018555
0 0.860840 0.520020 0.032227 0.079102
0 0.840820 0.559082 0.099609 0.059570
0 0.885742 0.594238 0.089844 0.055664
0 0.965820 0.634277 0.021484 0.079102
0 0.958984 0.592285 0.064453 0.051758
0 0.892578 0.648926 0.089844 0.043945
0 0.856934 0.644043 0.071289 0.045898
0 0.969238 0.743164 0.038086 0.095703
0 0.958496 0.767090 0.049805 0.088867
0 0.971680 0.779785 0.048828 0.051758
0 0.911621 0.793457 0.049805 0.045898
0 0.941895 0.921387 0.032227 0.059570
0 0.933105 0.916016 0.094727 0.039062
0 0.937012 0.949707 0.096680 0.020508
0 0.942383 0.974609 0.025391 0.050781
0 0.910156 0.957520 0.072266 0.020508
0 0.957031 0.966797 0.025391 0.033203
0 0.825684 0.912598 0.090820 0.014648
0 0.840820 0.903809 0.103516 0.026367
0 0.742676 0.886719 0.110352 0.019531
0 0.724609 0.862305 0.068359 0.021484
0 0.726074 0.821289 0.081055 0.046875
0 0.773926 0.772949 0.102539 0.018555
0 0.778320 0.802734 0.068359 0.044922
0 0.726074 0.784668 0.032227 0.041992
0 0.728027 0.779297 0.073242 0.035156
0 0.681152 0.815918 0.086914 0.040039
0 0.635742 0.829102 0.085938 0.064453
0 0.575195 0.876953 0.072266 0.050781
0 0.570801 0.863770 0.112305 0.049805
0 0.529297 0.923340 0.070312 0.022461
0 0.528320 0.932129 0.103516 0.041992
0 0.587891 0.975098 0.082031 0.028320
0 0.686035 0.413086 0.116211 0.052734
0 0.610352 0.410645 0.091797 0.043945
0 0.647949 0.456055 0.090820 0.054688
0 0.696289 0.472168 0.091797 0.030273
0 0.574707 0.483398 0.059570 0.035156
0 0.697754 0.523438 0.088867 0.023438
0 0.727539 0.567871 0.054688 0.075195
0 0.672852 0.549805 0.076172 0.029297
0 0.699707 0.585938 0.077148 0.033203
0 0.697754 0.602539 0.075195 0.029297
0 0.712402 0.645020 0.055664 0.067383
0 0.742676 0.689453 0.086914 0.027344
0 0.548828 0.655273 0.111328 0.031250
0 0.556152 0.661621 0.040039 0.067383
0 0.515625 0.634277 0.093750 0.028320
0 0.529297 0.593750 0.058594 0.042969
0 0.508789 0.535645 0.070312 0.045898
0 0.426270 0.476074 0.092773 0.026367
0 0.361328 0.456543 0.097656 0.045898
0 0.391113 0.523926 0.100586 0.036133
0 0.387695 0.583984 0.103516 0.025391
0 0.441406 0.610352 0.095703 0.039062
0 0.430664 0.683105 0.062500 0.090820
0 0.335449 0.619141 0.106445 0.029297
0 0.286621 0.604980 0.088867 0.032227
0 0.196777 0.547852 0.063477 0.072266
0 0.144531 0.466797 0.048828 0.017578
0 0.141113 0.462402 0.024414 0.045898
0 0.166016 0.440430 0.054688 0.029297
0 0.191406 0.434082 0.072266 0.038086
0 0.257812 0.372559 0.087891 0.036133
0 0.295410 0.340820 0.102539 0.023438
0 0.145020 0.382812 0.096680 0.037109
0 0.067383 0.441895 0.091797 0.051758
0 0.033203 0.503906 0.064453 0.039062
0 0.026367 0.534180 0.041016 0.052734
0 0.033203 0.599609 0.064453 0.037109
0 0.081543 0.614746 0.092773 0.020508
0 0.039062 0.625977 0.060547 0.027344
0 0.045410 0.634277 0.088867 0.018555
0 0.108398 0.681641 0.111328 0.033203
0 0.114258 0.679199 0.058594 0.090820
0 0.050781 0.725586 0.074219 0.031250
0 0.211914 0.689941 0.091797 0.022461
0 0.246094 0.718750 0.105469 0.025391
0 0.158203 0.738770 0.082031 0.040039
0 0.093750 0.753906 0.085938 0.021484
0 0.116211 0.765137 0.074219 0.014648
0 0.038086 0.820312 0.056641 0.044922
0 0.010742 0.855957 0.019531 0.026367
0 0.047363 0.866699 0.088867 0.026367
0 0.077637 0.826660 0.045898 0.022461
0 0.145508 0.816406 0.083984 0.019531
0 0.145996 0.833984 0.059570 0.011719
0 0.232910 0.818359 0.073242 0.027344
0 0.404297 0.763672 0.064453 0.044922
0 0.466797 0.751953 0.085938 0.037109
0 0.363770 0.796387 0.086914 0.034180
0 0.405762 0.843262 0.061523 0.030273
0 0.459473 0.866699 0.045898 0.047852
0 0.402344 0.894043 0.093750 0.036133
0 0.332520 0.856934 0.102539 0.049805
0 0.309082 0.888672 0.067383 0.019531
0 0.316406 0.884277 0.062500 0.086914
0 0.317383 0.927734 0.066406 0.027344
0 0.384766 0.945312 0.066406 0.025391
0 0.407715 0.990723 0.073242 0.018555
0 0.312012 0.969238 0.071289 0.049805
0 0.343750 0.982422 0.091797 0.023438
0 0.267578 0.972656 0.089844 0.042969
0 0.166016 0.877441 0.070312 0.026367
0 0.182129 0.905273 0.073242 0.025391
0 0.158691 0.959473 0.079102 0.040039
0 0.112793 0.962402 0.055664 0.041992
0 0.086426 0.979004 0.092773 0.040039
