0 0.917480 0.035156 0.108398 0.050781
0 0.851074 0.043945 0.137695 0.085938
0 0.875977 0.098145 0.113281 0.047852
0 0.972656 0.133789 0.054688 0.044922
0 0.947754 0.194824 0.063477 0.102539
0 0.859863 0.181641 0.045898 0.089844
0 0.811035 0.170410 0.073242 0.081055
0 0.748535 0.171387 0.081055 0.094727
0 0.697754 0.103027 0.116211 0.020508
0 0.664551 0.089355 0.092773 0.028320
0 0.582031 0.029785 0.070312 0.024414
0 0.542969 0.037598 0.091797 0.036133
0 0.485352 0.012207 0.082031 0.022461
0 0.547852 0.083984 0.109375 0.025391
0 0.364746 0.046875 0.084961 0.074219
0 0.304199 0.020996 0.065430 0.026367
0 0.277832 0.032227 0.133789 0.058594
0 0.179688 0.051270 0.062500 0.018555
0 0.151855 0.053223 0.088867 0.036133
0 0.063477 0.044922 0.109375 0.060547
0 0.142090 0.105469 0.049805 0.011719
0 0.192871 0.102051 0.092773 0.040039
0 0.199219 0.106934 0.062500 0.083008
0 0.245605 0.095215 0.098633 0.024414
0 0.302734 0.141113 0.097656 0.057617
0 0.388672 0.142578 0.085938 0.054688
0 0.431641 0.120605 0.103516 0.040039
0 0.562500 0.130859 0.082031 0.029297
0 0.687012 0.158691 0.075195 0.034180
0 0.664062 0.178223 0.062500 0.051758
0 0.796387 0.249023 0.090820 0.070312
0 0.891602 0.264160 0.103516 0.030273
0 0.909668 0.250977 0.067383 0.064453
0 0.925293 0.291016 0.047852 0.093750
0 0.605469 0.190430 0.052734 0.052734
0 0.594727 0.217285 0.064453 0.047852
0 0.635254 0.238281 0.032227 0.017578
0 0.651367 0.255859 0.097656 0.054688
0 0.541504 0.193848 0.090820 0.049805
0 0.496582 0.197266 0.098633 0.058594
0 0.425293 0.193359 0.104492 0.039062
0 0.394043 0.198242 0.110352 0.021484
0 0.434570 0.235352 0.027344 0.060547
0 0.067383 0.144531 0.080078 0.025391
0 0.046387 0.151855 0.081055 0.049805
0 0.035645 0.169434 0.069336 0.020508
0 0.082520 0.183594 0.081055 0.017578
0 0.144043 0.171875 0.084961 0.041016
0 0.135254 0.149414 0.069336 0.037109
0 0.189453 0.195801 0.082031 0.016602
0 0.203613 0.219727 0.092773 0.027344
0 0.207031 0.235352 0.105469 0.017578
0 0.066895 0.224121 0.102539 0.036133
0 0.030273 0.243652 0.058594 0.024414
0 0.312500 0.234863 0.074219 0.024414
0 0.383301 0.239258 0.086914 0.042969
0 0.324707 0.265137 0.092773 0.036133
0 0.231445 0.290527 0.087891 0.061523
0 0.229492 0.284668 0.078125 0.067383
0 0.162109 0.317871 0.089844 0.040039
0 0.044434 0.299805 0.086914 0.048828
0 0.286621 0.315430 0.043945 0.074219
0 0.322754 0.346191 0.112305 0.024414
0 0.340820 0.359375 0.037109 0.113281
0 0.373047 0.329590 0.062500 0.049805
0 0.385742 0.297852 0.111328 0.039062
0 0.502930 0.341797 0.095703 0.025391
0 0.514160 0.319336 0.083008 0.029297
0 0.557617 0.287598 0.074219 0.067383
0 0.711426 0.277832 0.102539 0.032227
0 0.706055 0.304688 0.080078 0.054688
0 0.679688 0.314941 0.078125 0.081055
0 0.787598 0.354004 0.088867 0.030273
0 0.851562 0.365723 0.078125 0.032227
0 0.937012 0.372070 0.084961 0.074219
0 0.939453 0.395996 0.048828 0.077148
0 0.985352 0.415039 0.029297 0.048828
0 0.974121 0.491211 0.038086 0.074219
0 0.958008 0.509277 0.083984 0.043945
0 0.969727 0.526367 0.060547 0.048828
0 0.954590 0.550293 0.059570 0.065430
0 0.915527 0.527832 0.079102 0.047852
0 0.803711 0.450195 0.054688 0.046875
0 0.746582 0.445312 0.088867 0.050781
0 0.637207 0.362305 0.096680 0.085938
0 0.672852 0.400391 0.068359 0.039062
0 0.609863 0.387207 0.077148 0.069336
0 0.612793 0.414551 0.041992 0.110352
0 0.538086 0.393555 0.072266 0.050781
0 0.569336 0.406738 0.076172 0.047852
0 0.507812 0.407715 0.025391 0.055664
0 0.435059 0.409668 0.084961 0.038086
0 0.366211 0.386719 0.093750 0.035156
0 0.333984 0.435059 0.097656 0.057617
0 0.300781 0.416992 0.101562 0.042969
0 0.290039 0.449707 0.109375 0.036133
0 0.133789 0.396973 0.103516 0.020508
0 0.038086 0.342285 0.074219 0.028320
0 0.050293 0.368652 0.098633 0.016602
0 0.046875 0.380371 0.091797 0.022461
0 0.104980 0.424805 0.104492 0.023438
0 0.062988 0.449707 0.104492 0.047852
0 0.084473 0.467285 0.129883 0.028320
0 0.037109 0.479492 0.058594 0.031250
0 0.066895 0.501953 0.055664 0.048828
0 0.088379 0.521973 0.122070 0.036133
0 0.322266 0.496094 0.105469 0.066406
0 0.322266 0.519043 0.126953 0.045898
0 0.223633 0.529785 0.074219 0.090820
0 0.480469 0.490234 0.117188 0.048828
0 0.601562 0.483887 0.099609 0.036133
0 0.764648 0.516602 0.107422 0.070312
0 0.805664 0.565918 0.107422 0.032227
0 0.701172 0.572754 0.089844 0.051758
0 0.780273 0.625000 0.080078 0.050781
0 0.762695 0.657227 0.095703 0.031250
0 0.777344 0.689941 0.083984 0.059570
0 0.846191 0.741699 0.067383 0.102539
0 0.904297 0.784180 0.097656 0.064453
0 0.854980 0.775879 0.032227 0.057617
0 0.956055 0.905762 0.087891 0.059570
0 0.981445 0.990723 0.037109 0.018555
0 0.840332 0.893555 0.063477 0.093750
0 0.816406 0.882812 0.056641 0.105469
0 0.722656 0.768555 0.103516 0.080078
0 0.701172 0.703613 0.068359 0.045898
0 0.665039 0.635742 0.056641 0.082031
0 0.618652 0.679688 0.043945 0.052734
0 0.619141 0.616699 0.111328 0.038086
0 0.560547 0.654785 0.031250 0.112305
0 0.588867 0.670410 0.091797 0.069336
0 0.534180 0.647949 0.041016 0.028320
0 0.586426 0.570801 0.098633 0.034180
0 0.507812 0.580566 0.060547 0.041992
0 0.460449 0.577637 0.088867 0.026367
0 0.348145 0.576172 0.104492 0.033203
0 0.285156 0.575684 0.042969 0.057617
0 0.135742 0.530762 0.097656 0.030273
0 0.144043 0.557129 0.073242 0.055664
0 0.159180 0.584473 0.058594 0.059570
0 0.097168 0.579590 0.055664 0.079102
0 0.130371 0.594727 0.045898 0.060547
0 0.100098 0.594238 0.090820 0.055664
0 0.225586 0.628418 0.076172 0.063477
0 0.145508 0.638672 0.087891 0.025391
0 0.156250 0.675781 0.074219 0.078125
0 0.074219 0.708984 0.093750 0.035156
0 0.013184 0.738770 0.024414 0.112305
0 0.136719 0.707520 0.064453 0.030273
0 0.234375 0.689453 0.056641 0.082031
0 0.262695 0.685547 0.080078 0.074219
0 0.269531 0.674316 0.085938 0.053711
0 0.313477 0.647461 0.068359 0.056641
0 0.398926 0.667969 0.090820 0.033203
0 0.476562 0.681152 0.095703 0.022461
0 0.499512 0.750977 0.047852 0.070312
0 0.437988 0.733887 0.022461 0.077148
0 0.436035 0.737793 0.067383 0.041992
0 0.328613 0.729492 0.020508 0.082031
0 0.224609 0.754883 0.103516 0.039062
0 0.199707 0.760742 0.084961 0.044922
0 0.086914 0.772949 0.119141 0.043945
0 0.065918 0.775879 0.049805 0.022461
0 0.123047 0.812500 0.089844 0.029297
0 0.166504 0.810547 0.090820 0.056641
0 0.232422 0.801270 0.074219 0.040039
0 0.307617 0.799805 0.113281 0.031250
0 0.331543 0.801758 0.098633 0.042969
0 0.434082 0.817871 0.041992 0.083008
0 0.407227 0.821777 0.058594 0.049805
0 0.573730 0.823242 0.094727 0.056641
0 0.563965 0.858887 0.034180 0.057617
0 0.615723 0.873047 0.102539 0.037109
0 0.682129 0.861816 0.090820 0.043945
0 0.770996 0.944824 0.106445 0.063477
0 0.760742 0.977051 0.054688 0.045898
0 0.673828 0.986328 0.017578 0.027344
0 0.693359 0.991699 0.021484 0.016602
0 0.600586 0.994629 0.023438 0.010742
0 0.639648 0.935547 0.029297 0.066406
0 0.527344 0.921387 0.029297 0.096680
0 0.510742 0.941406 0.076172 0.066406
0 0.460938 0.898926 0.052734 0.075195
0 0.370605 0.862793 0.094727 0.041992
0 0.423340 0.898926 0.098633 0.071289
0 0.387695 0.892090 0.093750 0.022461
0 0.333984 0.930176 0.091797 0.034180
0 0.338867 0.938477 0.070312 0.009766
0 0.306152 0.936523 0.071289 0.058594
0 0.244629 0.954102 0.053711 0.091797
0 0.330078 0.982910 0.089844 0.024414
0 0.228027 0.988281 0.028320 0.019531
0 0.239746 0.976562 0.047852 0.027344
0 0.259277 0.873535 0.116211 0.026367
0 0.277344 0.854004 0.089844 0.051758
0 0.152344 0.865234 0.082031 0.042969
0 0.168457 0.849609 0.096680 0.023438
0 0.154785 0.928711 0.030273 0.095703
0 0.175781 0.904785 0.089844 0.038086
0 0.077637 0.939941 0.100586 0.057617
0 0.049805 0.935059 0.097656 0.065430
0 0.028809 0.915039 0.055664 0.041016
0 0.050293 0.985352 0.081055 0.029297
0 0.018066 0.548340 0.034180 0.034180
0 0.023926 0.616699 0.045898 0.061523
