0 0.000488 0.394043 -0.000977 0.038086
0 0.271973 0.078613 0.137695 0.092773
0 0.291504 0.061035 0.047852 0.106445
0 0.356934 0.062500 0.118164 0.025391
0 0.344238 0.012207 0.059570 0.022461
0 0.378418 0.030762 0.100586 0.038086
0 0.461914 0.026855 0.060547 0.043945
0 0.395996 0.098633 0.051758 0.089844
0 0.427734 0.094727 0.119141 0.041016
0 0.341309 0.065918 0.053711 0.088867
0 0.325684 0.146973 0.159180 0.040039
0 0.272949 0.185547 0.092773 0.048828
0 0.294434 0.217285 0.088867 0.053711
0 0.176758 0.232422 0.109375 0.068359
0 0.042969 0.108398 0.054688 0.115234
0 0.113770 0.032227 0.100586 0.042969
0 0.053711 0.022461 0.093750 0.035156
0 0.062988 0.268555 0.104492 0.089844
0 0.041504 0.419434 0.045898 0.104492
0 0.048340 0.375977 0.084961 0.039062
0 0.257324 0.316406 0.124023 0.029297
0 0.297363 0.316406 0.088867 0.046875
0 0.382324 0.250000 0.100586 0.044922
0 0.456055 0.202637 0.138672 0.049805
0 0.498047 0.252930 0.113281 0.060547
0 0.568848 0.253418 0.118164 0.047852
0 0.549316 0.317871 0.075195 0.067383
0 0.671875 0.100098 0.117188 0.073242
0 0.550781 0.135742 0.074219 0.050781
0 0.653320 0.184570 0.103516 0.035156
0 0.718262 0.229980 0.129883 0.038086
0 0.792480 0.201660 0.129883 0.055664
0 0.821777 0.165039 0.100586 0.035156
0 0.836426 0.134766 0.120117 0.044922
0 0.930664 0.189453 0.076172 0.042969
0 0.928711 0.043457 0.066406 0.069336
0 0.975098 0.133789 0.040039 0.050781
0 0.981445 0.077637 0.025391 0.040039
0 0.897461 0.327637 0.146484 0.055664
0 0.954590 0.358887 0.069336 0.122070
0 0.869629 0.361816 0.075195 0.059570
0 0.908691 0.413574 0.133789 0.041992
0 0.960449 0.483887 0.063477 0.036133
0 0.672363 0.374023 0.124023 0.041016
0 0.700195 0.395996 0.130859 0.049805
0 0.663086 0.306152 0.105469 0.059570
0 0.646484 0.334473 0.080078 0.030273
0 0.480469 0.404297 0.103516 0.080078
0 0.547852 0.409180 0.052734 0.082031
0 0.423340 0.359375 0.106445 0.039062
0 0.363281 0.345703 0.083984 0.031250
0 0.386230 0.422852 0.118164 0.029297
0 0.376465 0.476562 0.067383 0.050781
0 0.199219 0.406738 0.105469 0.079102
0 0.165527 0.345703 0.057617 0.083984
0 0.240723 0.442383 0.051758 0.111328
0 0.250977 0.452148 0.115234 0.029297
0 0.113770 0.429199 0.088867 0.096680
0 0.134277 0.466797 0.075195 0.082031
0 0.180664 0.430664 0.058594 0.082031
0 0.291016 0.498535 0.101562 0.073242
0 0.290527 0.517090 0.073242 0.034180
0 0.220703 0.576660 0.046875 0.133789
0 0.192871 0.647461 0.094727 0.041016
0 0.125000 0.561035 0.052734 0.057617
0 0.077637 0.583008 0.098633 0.082031
0 0.068359 0.616699 0.019531 0.071289
0 0.062012 0.636230 0.086914 0.067383
0 0.055664 0.681641 0.083984 0.060547
0 0.045898 0.715820 0.070312 0.070312
0 0.094238 0.684570 0.061523 0.062500
0 0.049805 0.747070 0.052734 0.062500
0 0.110352 0.747559 0.087891 0.059570
0 0.116211 0.804199 0.109375 0.090820
0 0.061523 0.856445 0.066406 0.042969
0 0.025879 0.885742 0.049805 0.123047
0 0.026367 0.936035 0.050781 0.106445
0 0.059082 0.947266 0.057617 0.095703
0 0.095215 0.867676 0.040039 0.108398
0 0.216309 0.810547 0.088867 0.076172
0 0.237793 0.810547 0.139648 0.041016
0 0.284180 0.748535 0.076172 0.063477
0 0.319824 0.659180 0.034180 0.128906
0 0.358887 0.745117 0.069336 0.119141
0 0.760742 0.624512 0.115234 0.081055
0 0.762207 0.484375 0.122070 0.046875
0 0.784180 0.503418 0.109375 0.040039
0 0.838379 0.510254 0.059570 0.098633
0 0.959473 0.554688 0.063477 0.042969
0 0.919922 0.864746 0.097656 0.028320
0 0.915039 0.900879 0.091797 0.053711
0 0.833496 0.933105 0.084961 0.073242
0 0.788086 0.954102 0.103516 0.056641
0 0.672363 0.842773 0.045898 0.115234
0 0.692871 0.746094 0.106445 0.052734
0 0.566895 0.617676 0.084961 0.081055
0 0.535156 0.563477 0.097656 0.029297
0 0.613281 0.584961 0.085938 0.035156
0 0.519043 0.540527 0.141602 0.047852
0 0.426758 0.573242 0.091797 0.037109
0 0.414551 0.627930 0.077148 0.072266
0 0.437500 0.644531 0.105469 0.050781
0 0.541016 0.659180 0.121094 0.035156
0 0.474609 0.753906 0.046875 0.126953
0 0.519531 0.733887 0.064453 0.133789
0 0.520508 0.740234 0.037109 0.083984
0 0.550781 0.780273 0.085938 0.085938
0 0.576660 0.810059 0.116211 0.053711
0 0.536133 0.968750 0.132812 0.041016
0 0.622070 0.962891 0.083984 0.054688
0 0.262207 0.936523 0.104492 0.099609
0 0.248535 0.865723 0.092773 0.075195
0 0.204590 0.909668 0.084961 0.083008
0 0.435059 0.479492 0.096680 0.064453
0 0.465332 0.485840 0.112305 0.061523
0 0.439453 0.956543 0.035156 0.069336
0 0.870605 0.508301 0.122070 0.043945
0 0.762695 0.007324 0.105469 0.012695
0 0.961914 0.010742 0.056641 0.017578
0 0.936035 0.590820 0.071289 0.046875
0 0.499023 0.891602 0.070312 0.017578
