0 0.187988 0.017578 0.114258 0.019531
0 0.153809 0.045898 0.077148 0.076172
0 0.148926 0.068848 0.041992 0.092773
0 0.209473 0.091797 0.018555 0.082031
0 0.248535 0.087402 0.098633 0.016602
0 0.231934 0.106934 0.065430 0.057617
0 0.260254 0.057129 0.028320 0.098633
0 0.318359 0.083496 0.062500 0.075195
0 0.354980 0.076172 0.043945 0.101562
0 0.261719 0.140625 0.095703 0.029297
0 0.230469 0.184082 0.023438 0.079102
0 0.397949 0.030762 0.096680 0.040039
0 0.426270 0.076172 0.084961 0.089844
0 0.565430 0.032227 0.070312 0.062500
0 0.754395 0.008789 0.114258 0.015625
0 0.855469 0.024414 0.089844 0.046875
0 0.964355 0.095703 0.071289 0.074219
0 0.911133 0.133301 0.046875 0.088867
0 0.907715 0.129883 0.104492 0.037109
0 0.913574 0.166504 0.114258 0.026367
0 0.957520 0.265625 0.073242 0.068359
0 0.899414 0.240723 0.064453 0.100586
0 0.831055 0.170410 0.070312 0.063477
0 0.762207 0.164551 0.028320 0.116211
0 0.658691 0.098633 0.079102 0.044922
0 0.689941 0.103027 0.125977 0.022461
0 0.659180 0.137207 0.064453 0.022461
0 0.708008 0.176270 0.078125 0.038086
0 0.676270 0.211426 0.049805 0.069336
0 0.599609 0.189941 0.101562 0.028320
0 0.515137 0.170410 0.075195 0.022461
0 0.367676 0.206055 0.116211 0.064453
0 0.242676 0.286133 0.040039 0.126953
0 0.178711 0.183105 0.074219 0.075195
0 0.219727 0.254883 0.087891 0.068359
0 0.154785 0.249512 0.053711 0.061523
0 0.078125 0.166992 0.109375 0.054688
0 0.084961 0.203125 0.021484 0.068359
0 0.101562 0.265625 0.068359 0.070312
0 0.101562 0.326660 0.087891 0.063477
0 0.020996 0.369141 0.040039 0.093750
0 0.061523 0.443848 0.027344 0.088867
0 0.053223 0.503418 0.036133 0.112305
0 0.035645 0.416504 0.069336 0.049805
0 0.159180 0.462402 0.080078 0.086914
0 0.171387 0.397461 0.088867 0.035156
0 0.455566 0.383789 0.129883 0.068359
0 0.422363 0.411621 0.063477 0.077148
0 0.514648 0.456055 0.115234 0.048828
0 0.432129 0.491211 0.079102 0.056641
0 0.525391 0.501953 0.123047 0.035156
0 0.859375 0.312988 0.097656 0.059570
0 0.845703 0.408691 0.074219 0.067383
0 0.863770 0.450195 0.084961 0.082031
0 0.969238 0.461914 0.061523 0.031250
0 0.761230 0.514160 0.088867 0.059570
0 0.930176 0.564941 0.120117 0.038086
0 0.882324 0.656738 0.071289 0.057617
0 0.853516 0.679199 0.033203 0.071289
0 0.976562 0.674805 0.046875 0.015625
0 0.826172 0.700684 0.091797 0.047852
0 0.675293 0.632812 0.104492 0.023438
0 0.548828 0.564941 0.089844 0.030273
0 0.501465 0.596191 0.090820 0.040039
0 0.395508 0.552734 0.054688 0.085938
0 0.246582 0.575684 0.088867 0.057617
0 0.198242 0.549316 0.087891 0.041992
0 0.098633 0.551758 0.089844 0.019531
0 0.057617 0.636719 0.091797 0.052734
0 0.071289 0.716797 0.058594 0.097656
0 0.122070 0.735840 0.052734 0.100586
0 0.184570 0.886719 0.089844 0.042969
0 0.166992 0.896973 0.101562 0.024414
0 0.125977 0.956543 0.099609 0.057617
0 0.274902 0.725586 0.057617 0.148438
0 0.400879 0.662598 0.071289 0.088867
0 0.331543 0.732422 0.073242 0.058594
0 0.365234 0.712402 0.074219 0.061523
0 0.351562 0.737305 0.123047 0.037109
0 0.382324 0.794922 0.092773 0.037109
0 0.596680 0.737793 0.041016 0.049805
0 0.703613 0.722656 0.090820 0.029297
0 0.718750 0.757324 0.091797 0.040039
0 0.637695 0.798340 0.066406 0.055664
0 0.737793 0.820801 0.094727 0.043945
0 0.836914 0.821777 0.058594 0.065430
0 0.964844 0.813477 0.070312 0.029297
0 0.967773 0.830078 0.064453 0.015625
0 0.946289 0.954590 0.035156 0.090820
0 0.973633 0.949219 0.052734 0.033203
0 0.912109 0.960449 0.082031 0.034180
0 0.782227 0.977539 0.089844 0.044922
0 0.770508 0.942383 0.039062 0.074219
0 0.746582 0.935547 0.131836 0.021484
0 0.734375 0.961914 0.115234 0.046875
0 0.733887 0.895996 0.098633 0.032227
0 0.720703 0.863281 0.074219 0.027344
0 0.620605 0.934570 0.098633 0.021484
0 0.544434 0.864258 0.133789 0.033203
0 0.461426 0.868652 0.041992 0.041992
0 0.448242 0.927246 0.113281 0.038086
0 0.444824 0.981934 0.041992 0.036133
