0 0.959473 0.032715 0.041992 0.059570
0 0.111816 0.031738 0.112305 0.034180
0 0.760742 0.055664 0.070312 0.062500
0 0.916992 0.085449 0.101562 0.071289
0 0.265137 0.108887 0.088867 0.067383
0 0.384277 0.096680 0.079102 0.035156
0 0.164062 0.125000 0.039062 0.044922
0 0.327148 0.150391 0.099609 0.042969
0 0.538086 0.153320 0.101562 0.046875
0 0.089355 0.174805 0.122070 0.052734
0 0.763672 0.211426 0.117188 0.059570
0 0.577148 0.249512 0.085938 0.075195
0 0.404297 0.248535 0.109375 0.034180
0 0.631836 0.284180 0.097656 0.074219
0 0.014160 0.300293 0.026367 0.061523
0 0.285645 0.305664 0.102539 0.056641
0 0.345703 0.352539 0.109375 0.044922
0 0.588867 0.381836 0.113281 0.044922
0 0.095215 0.368164 0.094727 0.046875
0 0.691406 0.433105 0.037109 0.096680
0 0.931152 0.512695 0.118164 0.064453
0 0.707520 0.557129 0.036133 0.043945
0 0.784180 0.594727 0.119141 0.066406
0 0.660645 0.587891 0.114258 0.015625
0 0.103516 0.617676 0.085938 0.020508
0 0.482910 0.629883 0.090820 0.031250
0 0.026367 0.624023 0.050781 0.013672
0 0.957520 0.638184 0.083008 0.026367
0 0.305176 0.665039 0.061523 0.062500
0 0.409668 0.661621 0.139648 0.030273
0 0.029297 0.692871 0.056641 0.063477
0 0.684570 0.693848 0.109375 0.043945
0 0.502441 0.739258 0.096680 0.029297
0 0.812012 0.766113 0.122070 0.024414
0 0.020508 0.788574 0.039062 0.022461
0 0.284180 0.791016 0.115234 0.025391
0 0.821289 0.809570 0.076172 0.025391
0 0.511230 0.842285 0.098633 0.061523
0 0.155273 0.827637 0.111328 0.024414
0 0.543945 0.914062 0.074219 0.113281
0 0.716309 0.903809 0.110352 0.055664
0 0.080078 0.887695 0.078125 0.021484
0 0.361816 0.976074 0.053711 0.045898
0 0.032227 0.491211 0.062500 0.042969
0 0.132324 0.518066 0.120117 0.051758
0 0.335938 0.460449 0.054688 0.086914
0 0.425293 0.405762 0.120117 0.045898
0 0.464355 0.398926 0.112305 0.055664
0 0.223145 0.575195 0.112305 0.056641
0 0.695801 0.491211 0.125977 0.042969
0 0.742188 0.294434 0.101562 0.067383
0 0.671387 0.065430 0.092773 0.082031
0 0.257324 0.026855 0.077148 0.047852
0 0.622070 0.016602 0.064453 0.031250
0 0.908691 0.432617 0.069336 0.076172
0 0.938965 0.239746 0.079102 0.069336
0 0.916992 0.304199 0.134766 0.065430
0 0.154785 0.748535 0.120117 0.075195
0 0.097168 0.929199 0.127930 0.038086
0 0.237305 0.976074 0.109375 0.045898
0 0.929199 0.716797 0.098633 0.064453
0 0.011230 0.116211 0.020508 0.037109
0 0.285156 0.570801 0.109375 0.063477
0 0.947266 0.280762 0.095703 0.057617
0 0.908691 0.035645 0.055664 0.069336
0 0.924805 0.135254 0.076172 0.102539
